5106
8491
2478
8330
8560
1584
2994
942
2761
8967
5027
3070
6739
2396
8619
1114
287
4924
6967
8806
2956
93
5268
8733
4446
3245
1376
2473
6610
9621
5970
9430
509
4530
3301
9366
9792
6837
7491
9842
6010
7421
1015
5809
1971
6801
9563
5340
3170
4345
5783
48
7781
6827
4553
7332
3942
9101
804
218
9409
712
3885
8476
7878
3412
9340
6197
253
2417
5717
9170
6566
2854
9428
1935
8088
7865
8166
987
1281
6596
2371
2216
7054
7097
4297
8961
291
5805
8273
3911
4124
9014
4177
6815
4851
6564
7328
4885
247
7787
4493
5695
3969
6084
2483
1432
8652
5705
7592
8985
5026
5998
50
325
5621
8317
7510
8328
7031
1026
2233
9701
3151
573
402
1795
6437
1930
2245
8559
6193
1090
3021
2324
5457
6940
6363
3945
1094
6636
2106
7422
758
8581
1883
9003
491
4024
8974
7119
1517
3376
2786
796
4931
7313
9443
3295
7066
3475
9634
1423
8565
5357
1812
7244
8021
5598
4484
7577
5148
2300
4567
1998
5939
6250
5899
1348
7858
9647
4340
854
3136
2924
6558
7358
3257
1629
3453
508
3936
6733
3944
7250
2853
8485
6275
6296
6075
8546
1672
1197
5392
8642
3144
6082
9281
1958
1239
2928
2221
6716
1860
7809
6870
3276
1051
2947
2925
5528
3375
8159
7166
2687
8865
8699
8069
3391
8667
3986
5057
3264
1979
4914
2799
1989
4969
6623
9571
921
8345
4877
2562
234
7800
1023
2130
5577
1160
8051
7375
520
5432
7779
6098
7980
9840
8774
3761
817
4166
8825
9962
6526
8189
6186
6653
8359
9482
507
4803
1041
3768
5190
9309
3984
8944
4882
6081
8122
934
5405
4489
263
7140
5510
3584
9591
7076
6658
7309
7470
3142
2686
6903
8509
1824
8290
3483
586
9374
2413
3518
6700
6877
714
2825
9114
4021
5671
6036
7268
4560
339
6618
9877
9266
8209
6682
3815
8786
9794
8377
6972
6964
4698
6449
5160
5696
3813
4881
832
2779
6291
6905
7888
9107
2394
8647
8338
5983
8682
1670
9200
134
754
4835
5829
9002
638
2525
1817
1813
527
1533
4408
5555
1788
7516
7940
1050
3724
2534
4029
2535
3788
8534
1652
5908
4123
495
8375
4075
1491
2521
7359
2337
8409
7654
6301
1793
5709
9264
4880
3398
8294
4810
3689
6928
4578
3109
4258
7443
6253
1057
7286
8019
896
3697
1943
1462
8527
7067
3005
8691
133
6574
6085
2591
4202
5132
2330
5047
3533
1636
9904
5056
2672
8066
2079
6507
7720
1173
4319
4073
55
467
7279
7538
3570
650
8661
9459
2284
5592
5575
6511
6721
955
8601
4592
9789
3405
1020
7875
2889
4993
4714
8925
4099
3103
7993
2823
8678
6907
5127
5877
9027
7374
4313
1287
4291
8555
5866
6552
9806
618
4322
6391
595
7039
3177
9149
8803
285
4039
9426
1691
6536
9367
849
5524
1520
1843
5188
886
1966
7755
8326
5043
4709
7642
1375
9749
1671
6137
6277
1577
